6693
2977
5960
7957
3960
4343
247
7978
3005
2326
3341
8798
8536
4536
3835
4455
6431
7248
4083
1145
3706
6896
3972
3137
4392
6235
3801
7932
8863
6515
6901
3233
6106
6303
5426
6567
7013
3558
3016
1063
4581
54
485
272
7424
5420
5558
2177
1993
3299
7889
6779
3172
6058
4163
8856
4461
7612
6585
7177
4170
159
935
7559
139
6941
7818
5809
415
8789
8350
922
238
1068
6957
8679
8788
1132
2880
5989
3940
4299
863
271
2739
4217
4706
4662
886
8614
6583
3623
5101
7710
6707
6336
897
1696
5521
5856
8778
3773
3829
4773
7051
6705
7096
4348
3455
908
3257
7741
150
3790
5926
7621
2444
7650
4965
4329
1018
5562
4331
6795
175
3933
202
3014
477
2832
3567
7425
4591
6560
4715
8442
483
8813
6756
8605
6220
1947
977
140
7576
8786
1748
1352
4277
6251
4464
2716
3000
390
7774
1185
4324
1759
5462
5818
1037
5875
4539
6381
7888
7339
4476
2831
7448
1196
1502
2985
7161
5691
2958
1471
3671
3300
3105
4469
4254
3536
3307
8661
6770
6458
6910
6205
8434
7257
3452
1687
3303
4984
5628
5490
1999
6703
5751
5442
6639
1961
7066
3280
5751
5932
1943
1075
7305
3841
115
1064
6779
8175
528
2094
5911
1475
4552
2428
1189
5474
1115
8117
7066
5783
6503
2049
2987
8566
5842
2916
505
7110
1213
5934
6493
8480
4117
8836
3174
637
1757
1944
8160
614
5064
1539
8408
3599
5537
1720
1043
6144
6683
8084
3263
6056
566
8905
8346
1888
8261
6034
4519
7775
4869
3845
39
1726
1024
3316
5349
7768
861
8416
591
5402
3965
8807
3873
3853
8793
2471
6404
3359
6043
711
6773
6993
5548
2981
1452
4548
758
8037
5831
4379
1803
1488
6111
3469
4176
4582
2721
5445
3880
1313
2936
6031
4228
2114
7827
6995
2284
6498
5098
8130
742
8623
7834
4852
1272
8279
2491
2828
4677
2765
736
7486
618
3602
5944
3291
7349
8674
8670
5139
5926
473
8615
5711
2144
130
8427
2857
3371
3040
3186
1084
3157
734
5683
2230
683
7514
8059
6500
6628
7889
1060
7619
142
1609
3469
4934
7705
7965
8289
3779
1015
3596
3283
5634
6307
3643
8147
6512
2542
5060
5003
3323
8820
6050
3851
46
7389
4806
5601
1904
8737
3684
3450
528
6856
3358
8806
5750
1198
5393
6015
7652
13
532
6191
2275
3936
4761
910
2123
1072
7544
4329
3604
8844
7822
839
1406
8101
2332
7143
1079
5391
2860
2733
1752
6418
2010
5164
8137
8224
4423
5441
4394
4851
878
2600
546
5501
7574
5299
1541
8127
5173
713
5691
7396
3946
2314
7613
1732
6599
3602
2389
5343
6738
4602
2467
2032
8007
1194
808
2699
6432
189
1539
6048
5843
7784
5540
5549
2602
8926
2012
960
2111
4043
8510
8352
5511
2905
7068
4749
323
4314
5359
2604
6078
460
4745
8652
6509
1166
4553
6254
2417
4635
3751
7264
4945
1112
5705
1923
5934
5417
8371
8421
6970
6693
8386
1763
6031
6150
5834
3337
412
4293
2883
3362
3662
8613
5780
94
7684
6120
6981
3524
7368
8760
3160
6675
2540
8953
1848
1895
3762
28
1839
2019
3796
4036
4082
5392
6666
1879
8398
8382
680
5877
7885
1125
7770
2134
2235
6192
1457
5646
5123
271
5002
8106
1484
4567
8357
5492
5764
2776
5598
5968
5783
3875
8427
2331
4797
8255
3007
5158
6396
1974
5235
1815
6152
7296
7128
3273
8998
4796
2569
8087
5679
276
8098
663
8158
8070
1341
89
7794
5696
1633
6590
1904
8215
7199
6360
1054
3714
4228
7263
3725
2023
5458
6913
7838
497
1184
4689
7858
6139
3571
4016
6054
2545
1612
2924
369
1571
1108
5555
8962
5481
3128
8376
8223
2633
629
165
6284
4679
1808
7561
4992
6243
2174
3974
6036
3053
1414
3547
1707
7205
7734
4847
1860
8611
3126
1042
8893
3769
7522
5552
2775
8611
6399
6743
7374
1620
4214
841
3531
926
8048
7044
2841
3561
7975
3484
7351
6866
8378
2479
7908
2504
8717
1513
6920
1411
3299
6988
6017
2870
318
8335
8203
8418
3266
4379
7257
8111
5105
3354
2060
6503
3096
5640
8341
7088
8777
6088
8616
4211
8302
698
547
5975
1735
6044
1509
6774
7644
4804
4283
7042
8297
6088
1849
8538
712
1797
7595
2472
5182
898
4885
5817
6657
4536
3215
8190
7775
6671
7845
6962
5925
4113
6403
3868
8084
5010
5963
7881
2832
3974
2677
3213
6493
783
8805
1034
7213
8507
2918
6574
8013
4943
3773
8980
6330
6985
1736
434
4028
4914
8911
8651
4468
5241
3096
2716
7029
4482
2994
3592
4271
5811
3799
3289
7248
8591
2768
5199
8861
3668
4141
1589
8329
6101
8379
2963
4785
3805
7394
8948
2035
4722
5399
1486
178
3918
1352
4013
3816
2589
3584
5106
3477
3433
4714
6748
8070
7916
8524
4528
6430
3117
3523
2898
5271
7473
8300
3625
3833
3805
2187
2772
8553
2628
5633
7549
8587
8438
4781
6228
8436
4931
2971
6983
5209
178
848
234
7708
662
4416
4250
3521
6874
8001
3351
4214
3761
1658
5468
6093
7136
5175
5802
553
1996
6708
2670
1870
5817
7830
8037
885
3062
569
2819
3169
8946
5944
8518
5312
6507
3513
4811
7000
3495
7603
507
4540
3626
6554
2269
6344
1757
8888
1096
8065
894
5543
7986
1579
2535
8650
6139
5082
3196
5171
7837
4011
6284
3103
5257
8761
305
7586
2068
3666
8371
3304
8014
1799
1247
6087
3550
7676
1296
7026
4444
3393
1875
6281
3524
3083
6262
3718
6858
6135
160
6413
4177
1499
2770
8609
1710
2687
267
8002
791
943
451
5918
1250
3656
6421
2324
8700
2214
3031
2458
7951
6312
7402
5465
8699
7295
5111
5223
2380
1439
470
8524
3977
7838
8772
7354
3094
8342
2830
8431
6095
734
89
8666
983
2005
7320
4822
8706
33
2918
3701
1432
708
7560
2184
4502
4883
809
8783
8065
5946
7438
6174
7445
1559
8533
5061
8017
1897
6935
672
8376
339
4173
628
7579
3704
1408
2221
2383
5391
3595
3842
6210
4101
4610
2918
7320
6029
7476
3593
4111
1632
8237
1385
479
8607
7739
3006
7031
8485
8288
297
1668
2671
2951
5282
5574
708
5272
603
527
1130
2621
6829
2788
2758
2829
7319
6902
8648
5494
7141
6625
2956
8144
5944
4240
1497
2337
8006
1987
812
6212
2074
4616
8173
1975
7247
1160
7954
8258
547
5606
4749
7710
8252
6856
3775
7779
3221
8148
3045
7002
2327
1052
2084
3333
7019
3611
8765
7874
8486
6988
7125
8921
2475
1107
6633
2098
2539
7975
7484
6927
2031
1879
3699
3735
8107
299
6120
4850
1502
1414
3909
8355
7695
235
4296
7677
7261
6514
7124
4165
3702
8379
5194
6168
7467
1466
3968
4217
8793
6442
8107
739
5036
1732
2104
1647
7585
976
2829
3513
8649
7986
843
6742
4583
4280
4746
8688
3145
3523
8928
1676
118
7128
8927
4084
560
3968
7647
6624
6317
6863
770
4768
4300
8151
6666
2540
2990
8668
8809
4238
873
3713
7052
1320
5255
8641
4408
2884
388
8133
1972
512
5027
2923
8071
8946
3839
1460
1577
4346
2147
8627
7626
2812
7624
1455
4050
8879
345
8311
3378
4879
5335
5244
667
3759
3774
4258
4701
6871
346
7607
6379
3154
7375
6257
6114
7359
6092
5009
3585
8704
3379
7524
1366
3049
3327
5543
2198
2370
1542
502
3108
2170
4396
2045
2516
6882
7556
3795
1611
5668
5647
425
1941
6058
4073
8326
1558
3096
6113
799
829
6531
5744
7868
2422
3056
2386
1198
8692
4093
7169
8
152
6011
6227
5316
6500
1315
4428
5089
126
5395
1354
3486
7790
4522
5819
4887
6974
436
3122
3713
1671
8923
1281
3865
3061
359
1759
7892
773
6456
3862
1262
3739
6370
1905
1771
3177
4722
2150
7751
8406
7073
8493
3337
8432
6295
506
6387
2359
1695
3812
5944
1894
3776
3306
5282
3049
3386
5181
6220
8931
5639
7963
3910
3865
6717
5894
7068
2247
7807
3368
6582
5958
8634
2978
7929
2832
4275
7416
3364
7620
6576
4768
1092
8155
4509
4845
3365
1261
3599
5641
7994
8057
5382
3582
1385
721
5668
4861
6469
3570
7309
6223
8625
3743
6626
8454
8642
5177
7900
5104
7735
7141
961
7497
405
4021
3795
819
3980
7013
2467
3425
8806
1337
1814
1901
5406
361
1540
8970
7121
7772
6498
7990
3532
2051
5338
7268
2976
2161
205
7748
3050
6664
4537
6429
8631
171
4096
991
7469
2275
2416
6914
7706
336
5406
6800
1583
6699
6126
526
5610
8058
5545
2825
7432
3080
7628
6044
4690
2399
5783
199
8624
3614
8307
77
8124
6039
223
2427
3488
3921
359
3358
8192
4233
5498
6841
4007
7721
4751
5767
4936
7476
7535
8730
4884
3113
4140
7771
1649
3693
7480
8720
7035
4443
1132
2801
3856
6542
481
2728
3299
2397
1450
3773
43
6825
4676
8987
5179
4068
6430
8916
1112
1280
7856
2544
2686
7315
1532
3593
211
4837
1794
6967
6026
6895
6355
8677
8157
7789
5055
5046
4617
3111
4144
2252
508
760
4262
5328
2401
7512
6957
8702
545
8789
6492
808
8319
6620
1037
102
8675
8897
5857
7430
1668
5542
6525
5549
4405
4666
1150
6386
5358
6255
3987
6788
5346
4856
4697
1644
2669
4990
1832
2904
5302
1789
4396
2418
4625
1228
2779
3593
8341
2536
764
7499
6602
7403
6509
7464
6345
4444
5312
8295
7498
8504
8374
8743
5093
8830
1040
286
5275
3881
2780
3735
4081
4684
179
5881
4625
2168
2609
7282
2885
8175
6351
2455
680
674
6382
2094
444
4123
3180
8559
581
4626
7350
6890
733
5240
5249
3825
275
4371
475
793
5820
4705
7622
2414
1386
8243
1181
3083
6569
5745
4538
1687
1614
2784
6439
5769
8036
2984
7380
4739
1434
8187
7608
5429
2617
8995
5742
5394
1222
8643
3427
6647
6930
538
5317
210
2761
7489
3549
8370
6217
6984
4659
4304
925
5066
2349
632
1610
7782
4678
507
3924
6028
7592
1428
2972
3070
249
6487
6138
4282
6644
5615
1804
481
5101
8308
6590
7687
3244
3883
5887
8895
971
36
7136
5598
3683
8513
5867
5518
3236
720
8672
5785
8996
445
1435
2404
2108
1313
6210
3687
2161
7625
7187
2793
6707
8137
1117
2650
6699
710
6001
4525
3087
2590
6290
4076
7476
5203
8455
6793
2984
7546
952
2645
2538
8631
5109
7839
5237
5667
1218
3032
811
5282
3800
7428
648
2236
1989
3084
3375
7910
8210
8565
979
4257
5901
3506
4506
8956
4583
2984
6838
6184
6213
7345
6587
8212
2053
6649
4192
903
6431
4889
4757
7785
2916
6804
5077
5861
6206
3624
7100
1739
552
6121
6167
4349
8667
8958
3638
1910
3939
7537
7206
4300
5752
4685
5339
7950
8896
4149
5649
4901
1045
5959
8925
740
1461
6620
1329
2991
5767
5993
5275
5647
3760
3122
3343
450
4785
129
7690
4944
5974
5332
8426
7492
3887
8894
2993
5158
7828
1853
2716
3636
1658
5097
3681
6791
3351
8101
2241
449
593
7758
1016
2216
2678
4526
192
8046
7111
4135
1160
4450
1868
3471
4426
177
6595
3337
3006
1621
1541
1916
8580
3910
5310
3767
5447
1794
1102
7308
669
6067
2029
4535
7696
1643
4384
2159
4472
4953
3480
1166
1216
3288
1878
6465
5390
5854
1995
813
3498
2193
6708
3604
1126
3868
4910
7324
5066
5191
6559
5662
2498
28
4534
671
8663
3917
6408
4892
5031
4194
1122
6874
7353
913
7901
7944
5132
6431
7746
2723
1785
4652
2696
2538
5729
5801
8143
5914
4686
5723
6476
5591
765
8692
3877
4434
6577
6166
3522
5962
6008
200
5467
2022
5251
3041
7178
8255
4060
8373
7640
7136
3663
650
314
7543
545
2701
7549
3060
3839
2413
5041
161
1583
2801
309
6684
3064
5460
4683
248
8070
663
3143
3119
6462
921
2487
5514
3467
998
5939
6577
8162
2042
997
3490
7109
3318
3809
6753
7747
3640
5555
5418
2612
1127
6753
1639
8511
6915
2397
3139
3147
764
2104
2179
8599
8862
210
5627
5464
5662
5228
5722
5342
7985
3348
5498
7155
6921
7045
2163
8088
7867
397
6503
3429
3217
268
4149
8670
1412
815
1039
2418
574
5030
270
7521
1389
772
5132
6149
359
6841
7522
7650
2426
8347
6077
8999
2414
3232
2425
6756
2934
8908
5426
4351
2997
2468
3695
2032
866
2415
5616
7622
7017
6479
6280
1006
1067
3004
6262
759
594
3995
3438
8993
6441
239
3734
5224
7577
3358
8776
5173
4309
8034
8076
128
1202
7545
1201
5399
1857
7409
4433
2289
8939
1847
7320
5180
894
6254
212
3070
3181
4415
8151
6196
3654
6396
3201
714
1878
1174
3491
3825
176
6386
5159
3201
3985
3838
7217
6908
182
1481
874
5995
4034
3939
3763
8870
8750
4327
6244
1946
841
6200
1097
5496
2411
2737
6796
3835
3010
8183
8364
2381
3051
5380
653
6867
6417
2060
6413
6121
1683
4158
1057
6150
864
863
3345
1189
5786
6578
2979
1079
6904
4658
2517
307
6852
36
7361
5930
6505
1448
7834
1487
8949
7388
1439
1086
8022
2875
2920
5296
8471
4119
2319
4349
8251
1664
5029
7769
4668
3260
4083
2621
5390
2472
787
3116
6705
7936
2539
6091
7928
5018
7622
2237
7439
2054
5233
4028
127
3377
5284
4247
4429
5195
2158
7141
2533
8799
3027
7928
1966
4552
5163
3996
3695
5224
6447
7882
8728
5807
8656
6303
1012
1729
3033
4690
7895
814
5873
7889
2385
2640
6509
4876
7320
901
5522
1168
171
6833
7134
6803
5383
1846
7210
2047
5769
5895
4102
3489
828
6489
5291
1155
1901
3804
4196
7791
5928
6578
7753
6175
6598
6627
6494
5292
8910
3896
1429
4591
491
7292
7231
6880
4102
3605
5128
6034
2328
6270
106
3778
1401
8277
3946
846
8384
3105
2119
3737
377
1992
2053
3557
2427
1853
1884
6889
6499
1877
2545
9
1657
6054
4533
5776
7917
5990
8375
5850
3269
3270
6801
4314
8611
8848
653
5758
7567
2275
1433
7463
8101
3911
1981
748
8310
6601
1282
7531
7157
3102
4064
4496
765
4422
8635
4827
5387
1748
704
4236
1846
551
4109
50
8522
444
1183
7295
7791
8264
4482
8536
3074
3558
8707
2500
8741
6256
8288
2626
4644
5214
5517
4487
7573
239
3561
8814
7586
2786
3563
5912
1560
3423
464
2574
3899
3182
7042
7156
7401
1071
5149
8034
741
3337
4451
361
4447
1121
8402
1591
1351
2619
8512
4384
3247
2862
7901
8633
5214
1640
1798
763
1738
7940
3879
1801
7851
1769
6878
8646
4438
749
7612
8982
5637
926
2810
7125
5906
3499
5656
4116
8339
6918
1913
6436
3125
5572
3876
886
1351
2433
542
8685
1045
983
4906
561
5029
556
1449
6737
1927
1947
4294
8180
1261
553
3759
5955
7152
4887
5769
4883
8973
5085
62
4266
8503
3320
4646
1927
6755
5169
7300
6583
8616
8884
6636
3470
4464
8486
1115
5077
3272
4848
7882
442
6264
482
6774
6722
5621
2792
6849
6844
4135
206
5880
6691
6149
713
4099
3750
709
6216
7181
988
1849
3302
3402
7396
2536
5197
3975
7843
8538
4319
3104
2087
8358
3403
550
8023
2279
4954
4974
6004
5833
4607
4740
4796
6964
8878
4282
1598
9
3843
4828
1753
8422
8641
4776
6424
6752
2666
3270
6697
3851
343
5742
8292
5907
8274
5633
3902
5241
1826
520
5019
8855
6626
6895
7712
7300
6775
8266
8796
7241
1591
239
7168
1333
6301
131
1018
6952
7105
5975
6453
5740
2596
2116
150
6955
2760
6735
6516
7133
3245
1032
2541
4870
6985
2358
5376
6185
8561
5151
2736
8731
6108
2865
4047
1405
4539
2021
8807
5313
7683
3878
3668
8565
743
761
7591
8615
8363
633
1821
2790
6006
4127
8262
5402
1373
1597
5934
1067
8256
2959
6765
3152
8579
8359
8393
3051
4437
2353
6392
5218
4871
4284
6583
4870
1729
5438
3511
1310
5408
8262
1784
8375
1584
1341
3995
2015
8143
6964
1872
2087
674
4998
4619
2717
8268
7088
56
8497
4749
4448
974
2230
5539
2149
7587
2700
2299
7483
1022
3081
3519
5687
1219
5029
7626
6839
816
5158
5978
1193
7246
113
7863
4882
3290
719
8796
6868
8729
4934
380
7408
109
5698
3140
8447
2644
4669
7346
4795
8220
4656
7925
1290
5630
3942
1215
6313
6839
7584
171
5026
5693
7030
446
2368
352
687
3701
6163
5048
8959
7034
6941
5547
3466
5963
24
7439
8228
468
846
3883
2551
7167
1129
4931
7037
6955
3481
5523
5350
1780
5068
2182
2187
1828
1928
1075
4099
7282
3505
5671
7467
365
3451
3737
3807
6737
1870
2231
4283
4429
8301
3359
8965
1220
5066
7381
8701
6144
4869
5285
6460
7538
4899
8494
2595
2392
5724
1406
2644
8779
4840
8174
6280
7138
5073
6490
7043
8679
5763
3888
744
6810
3932
7259
6016
5921
8929
5681
1541
5701
7737
4580
1652
6339
2622
3115
6856
2759
8963
2784
82
2791
3826
7414
1945
6626
5952
8895
3892
100
8107
7022
5501
1863
4024
3266
4585
5338
8879
3638
794
5123
7852
1045
555
1526
1397
6970
1108
7179
28
5156
2320
8316
2836
4414
3293
4761
7673
4732
2810
6731
2270
7356
262
8131
552
1612
7167
8628
7568
3604
6276
43
6251
7692
470
4160
6634
7244
3594
2339
3996
2621
854
4450
7228
401
6094
7041
1797
5230
7557
4743
7708
7056
2460
4439
6274
8819
200
3037
7959
8945
5202
8274
4507
8360
724
1136
1680
3238
864
6624
1314
4277
7878
5851
7922
1164
8213
8940
6163
1702
3758
228
6770
424
4186
2571
4243
6998
4357
8566
3459
1554
6882
1244
5965
5257
6829
6809
7113
2471
8559
8560
1341
3191
8932
1477
7550
6859
618
3288
5567
7532
3941
8634
5001
1442
2461
6174
5097
7451
4846
941
8354
7315
4274
3635
7599
6347
465
7444
866
3422
3690
1815
4747
3387
6035
728
7205
6451
4776
6900
8184
2835
8559
6021
5586
5757
997
3365
6259
8767
806
7637
603
5408
2703
4023
4555
5232
8458
1516
48
4587
1050
6793
6483
4305
3134
2693
7363
3265
6599
7480
5003
1477
8780
6270
5076
8656
3153
2874
4267
4788
6166
7091
8687
5260
2580
3658
8829
6545
7359
537
2830
407
5178
5627
2519
5038
4737
6704
8668
2993
4328
6063
5349
53
1569
5792
526
5446
1516
4181
7611
6813
3749
6739
265
1822
1938
3256
3266
6194
6410
1827
3466
6875
8842
3262
8921
810
3291
8911
5234
7781
3336
5695
4894
5354
3770
6387
3013
2064
2846
8832
170
8272
3584
594
417
2808
1869
7864
2689
8857
5849
228
7262
6281
7914
1626
6493
6747
6141
1230
2907
2549
3252
4931
3209
2183
6863
4588
3440
5676
1997
6183
1950
637
8358
4979
7135
4527
3003
161
3772
6610
3098
7850
6707
2407
5374
1514
5782
3740
6679
7859
7095
4082
8264
2714
7120
4968
4642
4587
194
8520
1154
3700
4686
1465
6296
6211
5466
3815
6121
5900
8574
2172
4363
4216
3935
3052
616
1445
6156
3885
7365
5760
8218
307
3091
7074
4128
8675
3449
2467
7714
5991
4312
4031
8900
7290
5378
437
6945
3662
914
6729
2089
8126
4498
7614
8278
7399
7412
6369
6375
859
5687
6376
6442
1234
4900
6673
1910
5579
2484
1284
106
7765
3103
6619
2985
4722
2489
2079
3266
464
7443
5224
5629
8962
1200
8067
7008
2378
5642
1254
210
3769
5548
3041
1640
6288
3501
3403
6382
5235
177
5459
5682
5421
2908
5928
3344
7560
6200
2040
5804
4855
7274
5277
8343
1739
8263
7079
4057
3704
1953
5525
1282
4562
4885
4602
3432
1342
3410
331
5488
2781
5675
226
661
4778
7598
5005
1079
2114
6954
6771
480
2150
6347
4331
3540
2619
885
7075
3924
2177
4461
3067
1069
8117
8271
7444
3641
6867
8164
7807
4199
5495
7493
3820
7051
359
4492
5891
2183
8886
5916
5129
7624
8194
5878
8365
7503
7582
4590
1606
275
8125
6256
7317
5104
3327
1238
304
4419
224
5974
6564
8594
5549
8111
4422
3939
4345
6810
7821
1125
2303
254
7713
3295
7006
2851
5753
4255
297
2671
5571
2793
2763
7081
7930
3008
1684
3517
779
1059
6167
6658
8934
5895
7732
744
2787
2277
5623
1901
7128
5001
5258
3672
3718
97
6728
6899
1619
792
92
5857
2277
4000
5915
936
5260
3041
5500
7129
1777
4547
167
5761
7110
1571
7072
1527
4322
740
4915
7390
7142
8638
4108
5423
1062
7443
8844
436
5742
993
1659
1950
3401
6126
1372
1528
4356
792
2093
3092
375
1576
5796
1563
8297
4496
4043
706
3161
5560
1401
758
2750
782
8433
1403
6004
7079
6091
2585
7737
2891
2196
5819
8872
8679
1123
4548
1512
7545
3269
5979
6329
7930
7300
2952
1381
5994
2984
1448
8869
388
8491
3109
2718
2016
3131
8839
2675
2232
2699
6294
4050
1203
8354
5933
3422
7839
1383
4097
2876
3327
8840
1069
7168
3028
473
8394
4286
6227
7048
8704
3040
3574
2865
1785
1105
4103
7306
1719
8103
2326
1029
3014
5902
2680
1912
5537
713
295
2497
118
4916
516
2850
5532
6728
3551
6081
1305
6237
158
2872
5350
7867
4488
7153
1575
8091
244
5035
2131
4730
878
2621
2558
4939
7652
2142
3897
6834
5330
7198
5000
5356
2781
8655
3385
3694
2677
794
5810
5648
532
1704
6489
4131
6443
3920
1231
2129
4573
1460
1926
1006
8107
2208
8110
1203
7066
956
2165
2810
7357
6461
3214
3976
1220
8777
3384
7065
4895
7109
895
6633
3262
3238
6489
707
169
8
535
5658
1498
5593
6965
6750
788
2219
586
5737
6302
3696
2924
7079
3752
6199
5650
1129
3903
6807
4035
2886
4226
4608
684
3391
6927
6575
1587
4639
4574
2244
5369
503
8149
2682
4051
7140
2199
7293
3353
5955
7425
4669
4907
4262
4902
6118
8372
4942
7950
4623
2787
5315
3316
1979
6893
709
5377
5141
8391
3993
4761
5782
7638
3781
15
5659
6871
3651
1728
7382
4111
4206
2953
1221
4947
2765
3275
2938
201
600
8593
1211
5418
8198
6858
4951
4033
8765
7374
1797
5002
8644
3134
8363
3735
5694
2571
7265
5124
8145
6241
4276
168
3272
7468
2982
1839
2611
5749
6400
3421
2471
1424
6554
1397
2044
1752
1420
5337
2603
8361
4815
4070
906
7836
2057
723
8930
860
294
5744
7128
8918
3494
5425
8044
1549
8827
1079
8259
5261
7332
8191
8632
6033
6544
4336
4552
29
5402
7519
1041
1945
6106
4401
6964
8195
7230
3017
2175
1201
5983
836
8523
5534
396
6126
4813
4926
3048
3938
8279
1964
4222
5067
8919
4017
4246
4761
4882
4737
7831
4525
5724
3296
1038
5178
3096
6811
134
5101
8163
3500
6474
5254
2009
7153
2164
4457
2361
2182
516
2521
3729
8019
364
2493
7769
7377
7078
2197
2252
1996
3962
1991
6832
8539
3482
4186
3760
5039
1428
444
2494
2246
4222
733
3141
3599
8496
3778
7744
6135
4665
1917
4876
4785
1744
1524
5999
4468
1950
1808
1220
665
549
4759
6375
2602
2604
3376
1347
4929
1686
6343
2317
2292
85
7360
5928
5104
1880
3069
4197
366
7283
2194
2061
8406
1042
2951
6323
3088
3450
8003
1855
823
7354
8411
7931
7711
1953
3124
5148
2378
7162
719
6575
5315
2107
6353
8894
6917
103
5758
5376
5279
2490
3286
3132
4370
729
8658
7087
6569
5637
5440
4309
8241
726
5250
3024
5105
7752
483
5565
70
7969
8001
7325
8432
5740
1998
8903
7812
1272
4719
5609
6280
4612
3602
742
4112
4105
6307
466
4094
5382
5239
6140
8156
8177
7058
3478
6287
4105
1785
1655
3049
1592
3773
8380
3507
6237
118
3399
968
4601
1506
5443
2217
584
8647
196
2813
8893
6358
7207
4731
3134
7322
7341
5553
1764
539
7185
2841
6133
6766
2062
1709
3560
6366
6612
476
6507
4536
4892
5471
1606
1004
3679
7098
8330
3162
5815
3373
1591
8898
1452
4690
552
2401
6460
5755
4842
44
2618
1597
6466
2729
1794
5015
1818
5882
6762
8637
5865
4113
127
1836
1945
2851
3390
3542
7660
425
7350
1684
4420
8697
1325
7823
6881
2882
3608
4677
2200
3792
4724
5846
6710
7892
1279
476
3773
8660
7100
5597
7155
7983
2575
5349
2207
1028
2085
8577
402
2296
4301
6359
8589
7180
8062
7773
4246
6115
6029
3764
8866
765
6296
3208
1578
4209
2287
4928
2391
6518
5854
3573
3580
8826
1251
4359
8671
6552
3164
7155
715
147
7252
1698
7822
7087
4680
1050
1753
8793
2882
6420
7078
4436
6720
2986
4289
2424
1939
8867
4666
6642
4758
2351
8851
1311
6797
81
5784
6007
6154
3308
8676
8200
2766
8025
8971
3652
8580
5639
7440
7103
1269
1290
443
8755
735
5389
3770
8074
8352
7360
4968
1182
5784
7305
2080
2935
2619
3853
594
5984
5505
1676
5597
5726
3714
6565
6311
2190
8086
6827
3649
7094
8483
8283
698
2104
1468
1588
6993
3895
7515
7910
8778
368
590
8426
252
1559
4469
8841
3849
1699
3600
3273
1076
1437
5213
4832
3978
2485
4443
3921
4491
2531
7046
3396
1122
7762
8164
6431
7138
4555
6593
8458
2325
511
2913
3956
1085
944
1439
5651
5916
1004
4172
4602
1635
5769
114
600
601
1400
3671
4443
1748
5192
578
5734
8439
5444
2783
7800
3836
3301
6734
5929
3023
8033
1597
6190
5919
2340
6969
4243
4995
3755
3422
3119
6714
6983
1836
2662
5073
3721
2476
4505
5103
867
2536
5167
1295
471
8729
1772
8602
4289
6606
6061
7524
1079
7905
7576
8778
2141
6036
3103
2009
4076
1329
6706
2521
6838
8504
1263
469
3672
6140
1652
8510
8583
2636
5952
4571
6906
7380
5257
4788
6630
344
2171
6172
4056
866
846
5265
8499
1829
3270
2878
3067
837
3949
1556
5488
2167
4645
8943
1031
1042
3538
7372
4566
4422
1919
3210
5804
144
3498
8907
2604
3990
1962
8809
2678
1767
1502
262
2125
1722
6595
5355
2377
4837
2029
1949
5716
4533
8801
6286
4816
240
7204
4707
7625
3917
2203
2477
8220
1969
681
72
8711
6981
3947
6097
3432
750
7161
6014
3341
1322
5617
337
6202
3495
726
7511
5558
8637
3433
2314
8767
6530
5917
2923
8536
3428
7850
3286
1064
2920
2819
6334
6657
8626
580
839
7530
4212
8210
6579
8490
6339
8852
7070
5104
602
2132
8043
2515
942
209
633
2957
1973
5198
3979
1118
4392
1007
6445
4385
3115
8027
462
3656
251
2640
1546
6315
5843
7061
369
5603
2049
6819
8524
7245
3392
849
4377
8891
2512
3298
7144
6878
4965
3219
6985
8065
4843
6579
4303
310
5083
4412
8783
1337
3912
1399
4054
7668
6565
2133
1192
4092
1549
1581
5443
5300
4395
33
7254
8411
3998
7330
1958
6655
1460
2721
7280
4173
7213
210
2877
2551
2229
8590
1763
5885
6940
2704
5813
87
6675
4896
2555
7017
878
905
8664
5907
3265
3449
2432
2105
8366
7292
2887
2972
3047
4636
653
5067
361
7257
182
439
8621
2064
4109
6122
1877
424
6601
5887
2970
6604
5605
1801
987
6531
4171
6291
6344
7924
1384
1337
2982
4837
4533
418
3888
1676
2328
5237
6813
4773
5214
6083
418
4393
3342
7504
1610
6378
6219
2726
5676
5928
6857
7891
1505
6617
4738
3747
7991
242
1769
8150
3126
6373
1164
8541
8348
7288
5952
5103
4079
3204
7016
1242
6848
4942
7717
2824
3333
1534
3322
8906
1456
1888
8974
1880
4781
512
515
808
6619
1912
3924
6940
4145
7968
4633
8059
3039
3651
6686
2960
3546
5375
7002
6517
7293
390
3800
7069
3696
2021
1921
785
3102
4791
6926
6981
5967
3265
7492
3055
2686
499
2579
5040
3633
1897
6356
5189
2303
4944
6461
5789
7475
6811
5892
4720
5735
7001
6260
1206
6385
2711
8390
3176
8316
5585
7288
6158
2061
6061
5692
1750
7214
8250
8838
8551
7988
1785
2840
4493
3350
4088
1196
7885
7414
6722
1445
3955
820
4628
6066
6866
3178
3336
6154
4635
6483
314
5267
354
7046
7692
1321
7974
7487
7080
6769
3239
7340
8302
7125
6037
8489
5574
4843
5785
2588
7771
2657
1917
1917
483
6947
1441
2372
8798
6529
6853
2281
7413
2804
2821
699
6400
7700
1924
4966
8840
4196
1843
301
8289
2169
6281
7726
3578
7124
3611
199
1503
1785
3306
1108
3895
2361
2498
4078
3646
2370
1528
174
8510
218
8973
5910
803
1505
4790
8933
402
3089
2156
1496
6576
4520
8957
6153
5964
7835
3761
8333
5137
8435
6329
443
6809
5269
4341
5192
2278
8360
4490
7521
8901
1033
865
7991
8690
3240
4700
3814
214
466
1341
1270
3489
767
4587
5353
6814
8961
4173
2087
5764
4167
4216
6977
6792
1819
5534
3856
1733
2733
7722
4001
4927
8590
934
5325
6281
1181
1212
5493
8122
5281
6552
3493
3981
7981
6647
129
3372
4517
5003
3355
1659
5973
8735
3800
6484
4419
21
2996
817
179
8082
3046
687
5068
6643
6192
7185
8122
7281
2962
2152
7825
4780
3957
4239
4980
6141
8663
2456
3580
8489
7154
6074
8020
2852
1622
6446
3585
316
1750
685
3853
2694
1221
980
5502
3118
6333
7449
7115
7487
7006
5221
55
3259
983
759
6845
767
963
4526
6917
879
4243
8312
2593
2671
3190
4443
8820
628
7994
2593
1327
1849
1551
8419
5580
8442
3250
7521
701
76
393
2056
2618
2453
8413
728
3877
650
2733
6746
2809
8561
7228
2050
8112
4845
8018
4594
1374
7118
395
6088
4433
6142
4721
6146
236
7372
1845
7847
5036
6172
283
1373
4676
1987
4781
194
845
8291
2346
190
2443
6057
6167
6874
1744
4134
8777
7860
2177
5164
1089
8286
6554
6088
7297
15
2322
686
7373
1383
899
6967
6882
4590
6566
4245
8807
368
5524
8056
3750
1117
7848
831
2882
1476
4172
7227
997
8841
2016
4941
131
4290
2126
5862
5389
6003
7258
7594
1097
8612
5291
8112
762
2306
8757
5617
7181
6992
4608
1418
8161
6818
6421
3607
8733
1224
8788
4353
6943
5770
307
609
4931
4611
6763
6922
784
6774
7499
5276
6868
6550
46
5023
187
7091
8363
3929
7286
2346
4474
4349
6297
4064
7094
6611
2940
7833
1759
2402
6573
3386
3974
6771
2336
3251
6251
714
6894
1043
6358
8970
6134
8898
1505
6516
4215
7833
1142
409
993
3829
824
7376
3558
7131
3668
7961
7697
6939
1641
3705
1442
1881
7018
4077
5368
8082
4450
6394
249
7873
3988
3888
4415
7394
4233
5838
647
5276
1938
6039
7865
1881
2630
5549
4709
2835
2106
1011
1482
3749
102
3173
1132
4310
5298
7304
1524
3052
6141
6379
8688
3678
210
5618
1226
1600
1945
3429
3042
6763
3312
2225
4992
4700
1219
1994
5355
986
3224
759
7116
1624
7239
6795
8459
6133
8976
2435
5870
3780
8288
3447
2446
1005
7186
8385
8159
5428
5185
3928
3678
1519
3202
8408
6545
5332
8456
1956
7089
4545
3695
2815
4091
7901
5094
2332
5593
6180
3979
8531
5135
5593
870
1001
6761
6827
5292
6899
5851
7314
5446
754
5943
6284
6679
8373
3559
161
1846
8199
7636
1747
7041
3418
1437
5873
1021
5378
2540
7160
6914
7071
2919
2960
6023
2524
7382
1671
1895
6620
2112
2357
5854
5803
1394
1861
7946
7933
3095
5664
970
2740
6756
2828
5170
2201
5433
7292
6914
8010
7709
2379
7358
6181
7515
5879
3154
5964
5453
7825
4745
4275
3187
2652
8276
1232
472
4589
1459
6926
3749
1866
9000
3259
3368
5547
7999
3858
7161
3187
3811
8839
6611
5714
1551
3184
8642
8809
7895
4538
6797
7827
249
2585
4748
654
3411
8255
3435
703
6532
7852
643
599
5845
955
4427
5657
3507
6022
3986
1652
2868
4058
6676
4382
4321
4667
2486
2543
6164
8944
8346
3793
154
1700
2607
3584
8168
7053
8208
6017
304
401
2926
8238
1109
429
1867
5359
8126
1723
555
7374
5870
7317
3256
6725
7550
7917
4350
2871
1700
396
4562
8814
5980
1639
3747
8892
4488
2409
2350
2526
4838
646
6589
4718
3030
7196
2995
526
6059
7416
3155
600
343
8902
3282
5325
5890
6772
6939
6344
3120
513
3727
4996
2856
5542
8540
3904
7696
1383
2367
4549
6311
88
4254
4358
1837
6678
6456
1164
631
5883
986
8120
6951
1762
4084
1248
3812
875
4662
2887
1474
1682
7082
2655
5724
1565
750
4023
6868
2731
3393
5874
2583
7164
2793
6004
4291
4794
6356
8739
4404
1909
1095
3563
6334
6395
3373
1156
4765
1631
834
7036
6322
6635
8850
8613
4407
7647
8700
6432
1707
2726
1333
8460
1370
2606
4925
3425
2520
7027
3308
8020
7034
3659
5674
5764
2790
262
7152
4171
858
7789
1365
5351
1697
4590
487
8482
6728
4595
7802
6892
7751
1720
1923
803
4934
660
2047
6986
5325
2534
5438
8920
1025
268
2315
231
7374
650
6650
6310
8846
1865
835
4676
7851
3995
3165
7417
3731
1099
4914
8736
6508
4547
7183
3330
4068
6356
6675
6749
698
3968
4791
7830
1518
7416
2101
8682
1727
6271
2147
3372
5891
6847
6248
4664
3547
6179
4721
4652
7282
8234
5227
7287
3233
3907
5816
7412
1929
6934
4442
6141
5813
8300
7305
185
301
8068
3794
7141
8411
542
5488
3095
8181
3044
3550
6728
8470
7392
1987
5512
3151
7474
4320
6090
845
5806
2900
6461
5869
6335
7564
8106
8035
2536
1650
5057
2851
6900
186
8645
2053
7953
8861
3831
7196
46
2583
1372
6608
3557
4324
4214
73
4279
1019
4183
1620
4257
6086
7524
7521
4780
7319
2811
6049
8357
4524
6601
7058
4397
5615
821
2637
5617
3781
7626
5486
8270
8631
1491
8147
5829
2810
7426
4104
6183
39
1969
3586
7319
8017
1037
1319
5442
8185
5322
3075
6830
4117
8246
6420
3967
2344
4772
4801
7664
4651
882
1879
5298
6959
2927
6779
5507
1073
518
8204
8895
8986
8440
4699
2824
1826
6480
1335
4686
5156
6384
67
4057
6666
6051
1394
6201
14
7961
7173
6172
1453
7608
5757
7882
1598
5627
6735
8430
2674
2306
4124
7677
3159
586
5412
2567
651
4331
1652
6684
6413
7916
4512
4268
721
4121
8243
2747
3203
996
5516
3268
7968
4257
7746
4556
390
8152
6324
1581
3584
3851
3924
5317
3999
7234
1073
7077
1523
880
1571
2953
8075
999
6187
7353
8486
8798
8508
6149
1874
2346
6040
7040
4493
4866
2931
7369
7789
590
2421
1986
7503
1744
4705
4448
1438
124
8126
5116
6481
5312
5652
5472
7751
2105
194
6227
7205
6277
6680
5378
5689
5137
354
825
4703
350
1574
4159
8088
1883
852
5495
4913
6029
8688
5504
4169
669
2051
585
5768
4331
3975
2043
3825
1941
2522
5301
1829
8137
2568
3948
5229
5743
8120
4329
2686
7933
6172
34
6241
7853
4153
8134
5385
2784
1861
8645
7883
6490
2597
4198
280
1158
3743
8320
5758
585
7180
4958
1634
2564
6217
8064
5557
4023
7250
7125
6546
99
1474
8939
6374
2993
7425
3770
2378
5547
4301
4018
8439
6104
1023
2926
6222
4669
5717
5483
7914
3208
5232
4446
1045
8664
5919
2511
5754
376
4568
4881
3549
1569
5002
1754
3627
1956
3688
2363
6232
1195
6880
3372
5809
1396
5582
7899
8420
1745
770
5916
6584
4305
6518
5585
886
3193
3471
2735
8358
1072
577
1273
4525
1460
711
1078
2245
1391
5411
7130
1021
461
2055
1812
4311
1250
4819
6569
5246
2052
6203
7233
8007
6920
3935
1732
3918
3167
3995
3901
3672
8529
2228
6503
1167
1778
1529
5379
1883
5524
7898
5539
763
8340
4778
5751
882
8174
3548
5280
7648
1757
5061
8444
6914
575
3808
5040
6636
8479
4519
7660
650
4090
1086
5119
8813
430
3257
1024
4887
7522
7430
5049
6002
8928
3025
3013
6920
3088
616
5378
5915
6113
3760
6596
6651
3180
5551
3344
4975
3483
3299
7129
3886
8369
1862
5301
3966
1043
1337
6172
4601
8955
4344
5906
5982
1197
6055
3453
8989
5682
4275
5430
7492
2682
784
7870
3993
224
6363
833
4936
6749
2902
1865
3449
4730
4956
4104
887
4048
1059
44
8583
7685
1577
327
1924
6616
4334
1541
181
7057
480
1452
7305
3784
34
8818
251
928
2362
8959
1021
2121
8936
1306
8602
5578
3506
2607
2160
4696
7657
1848
3542
4605
7465
1684
8587
5976
526
7895
3735
8711
8811
8835
5861
5385
6747
5424
1595
1747
6345
4260
887
5308
1591
2087
5462
5141
2842
6864
7635
1209
3993
7237
7295
5791
967
5939
3297
4501
6546
3496
5342
1479
3998
1334
3447
8317
297
8221
5490
8995
3506
4950
1316
7365
7775
5807
5066
3614
3374
8715
6943
4294
837
743
7065
4449
6908
6135
2716
7932
3385
5831
5761
2609
3103
7312
5844
3071
2270
4269
4885
7310
7569
4999
2887
5000
7512
1133
7951
7879
5727
7572
1739
250
1009
3639
6292
4432
8574
7078
3253
5941
5632
6296
2124
35
6308
1675
3241
6437
4791
2963
5601
5383
8314
705
7647
4388
7971
2592
480
8542
645
1714
7526
4523
7580
7378
5411
104
8075
8792
3218
7251
2736
5775
5884
5079
2905
2173
4675
2551
5672
8689
3883
4768
3957
7008
8842
4185
2676
404
3148
1078
8952
6175
481
3311
5660
1954
7821
5637
697
4664
1411
5853
7043
7307
980
3117
6784
7690
8481
262
6166
5486
5690
2661
6124
19
5865
5886
8135
3357
7480
2748
5275
7068
5185
8812
6405
3600
4149
4757
6945
5365
4545
1445
5241
6479
5871
2778
6006
148
3215
2305
1455
6947
8784
448
1451
8439
7623
8339
8922
653
7975
805
5118
6376
1606
1405
1189
6429
8151
8806
6664
1103
4338
5129
8279
4058
1391
861
3805
7165
2276
4804
6780
792
4603
4056
456
3409
2531
8661
6225
7847
7630
2891
880
5152
1477
7748
5488
1303
5828
8454
8566
5409
6067
6859
3993
3509
1572
1458
7126
3320
8033
6451
3297
3641
6761
506
2240
2878
8602
4952
5507
1399
5050
1296
3309
6007
7351
5800
2095
1734
2410
6607
7302
257
99
2712
6946
5003
5637
2481
6381
7642
4192
4315
3057
4252
8980
3398
7837
7407
6590
5054
8361
1524
1321
8945
5791
1971
4789
1548
4343
1518
8225
6959
2678
5080
4762
3928
4328
6326
2019
5376
6393
3650
4556
3859
2006
1979
3967
3813
6392
1557
8183
5697
764
5423
3296
7966
7563
2182
8785
6235
3330
3176
2926
5191
7283
650
4101
910
6165
7167
3084
4565
4061
1450
7858
2339
2105
7188
451
2769
5850
4482
4111
7841
7860
50
1469
5047
6100
6224
7676
6074
3183
8017
5824
3351
4368
4913
8996
5424
505
2054
1267
239
7499
528
4681
6957
8889
6901
8184
4906
8991
8701
5782
3818
5253
5296
8307
283
7765
3463
3158
5759
8742
6978
1159
8442
1475
7422
6256
8283
5316
3911
8860
823
5523
8788
6953
999
2578
7240
4600
2480
1599
5049
3534
5547
4794
5535
7976
5140
7728
5530
258
7953
47
1186
3064
6328
2904
265
815
4117
2102
2344
3110
6308
8640
7251
6695
2014
4214
4602
7292
1103
1853
1889
6679
3359
1028
5122
3958
5508
2021
6956
7760
6516
7304
5046
2050
8474
5398
2857
2433
875
6707
5076
8155
5112
4404
3117
6383
5292
7818
6550
2954
7740
1932
2320
5549
705
8016
6301
46
1253
5717
1317
8557
7919
5109
6151
8982
4787
7717
4179
2059
5529
896
945
1117
6775
5294
8913
5779
2725
419
4255
17
7802
6636
6141
8326
4382
6363
8143
8686
6100
5422
4986
1482
2826
3929
4542
7656
6788
3967
8462
3072
5304
7077
671
1997
6905
7783
114
3526
1219
5796
4175
2607
7290
5113
2387
3353
2295
8373
1412
1096
798
231
3661
2692
5881
8224
2944
2228
5593
4991
5883
8482
7957
663
1369
5086
6793
7017
7751
2654
658
1852
149
2365
6869
7499
4868
6220
5100
5016
2839
6434
3357
4829
2928
6242
6308
8481
1782
1285
630
6666
1693
6730
3811
7938
2757
3721
1681
896
1100
2054
681
8189
8636
7831
6375
111
306
1576
7866
3685
8515
2524
5257
1025
3263
7675
6015
8554
8825
4041
4995
6553
4891
8376
3962
457
7570
327
7104
2700
657
312
1525
167
6204
5383
361
1404
2139
1979
2258
8244
7394
5640
5570
6053
7667
6002
8819
4695
2818
7381
1495
5432
836
5673
1714
5856
2885
766
2160
1079
5827
4797
1609
2995
3854
2585
2
1041
4318
1789
1401
7633
4360
6517
3125
6019
1224
6163
8680
5862
2287
7290
7978
1616
6700
4426
2720
7897
311
5660
2096
3051
6466
3076
717
2664
8758
4496
5900
3952
2787
3845
2990
7981
4318
3127
7557
4070
2270
8187
6388
8427
931
451
8693
804
2759
1160
6632
3364
2393
7564
4500
3812
7854
7404
7218
377
7708
5356
7654
5283
2774
141
4924
5998
8609
5095
522
8379
806
2634
5970
508
2664
7562
8219
3570
4978
2170
2589
4122
3114
2627
158
6486
6166
3305
398
102
5064
2571
3754
6222
6217
5314
5415
7789
4007
8223
6211
3034
3683
5991
4226
2977
6517
6965
6039
8197
5022
2898
3801
8616
1420
4880
1268
8262
2282
7655
7993
1098
8553
4890
5199
1092
4910
1916
5250
1881
3366
6442
4505
4051
3847
7087
6238
3060
963
2607
8686
6894
4162
4233
6053
2087
3692
2681
2144
8600
1865
3257
5639
5983
1648
4403
1096
7343
572
8831
6950
4491
7866
8137
4856
285
3356
5419
5219
5698
7303
6493
3926
7458
3100
8414
833
7877
849
5175
4123
5915
6188
5717
6662
5258
7103
4056
494
2074
3108
3185
5736
6748
7987
1464
3262
5563
1073
3790
5443
6396
7491
1011
7938
3611
1744
8761
2763
6003
4768
6877
5247
2156
8039
5044
1526
1968
6397
5750
4528
836
8536
1876
7057
4251
2665
1491
2969
8247
1354
2468
2057
2674
332
7326
1287
3202
7791
4135
7910
1620
4968
6364
1506
1675
6771
6492
4372
4040
8255
6145
5594
1605
1634
2746
3784
480
6230
3349
4273
4344
1903
2313
778
852
7315
2868
1988
1436
3732
1706
3621
5102
4282
1045
1652
1699
8492
4219
3173
4
7395
5095
2485
6630
167
4252
822
5514
4233
1999
2264
2865
4286
2830
2080
5632
680
1877
3237
4162
2505
7750
1424
1345
6224
2410
395
8117
6417
690
7930
2966
7171
8011
6927
6895
6327
8283
31
6351
547
3222
2345
2017
141
8847
3940
1423
3239
2453
5745
8482
1039
6052
1902
93
2409
8662
6771
3914
8495
250
8975
2884
499
2577
7562
8224
1221
8619
5796
2181
8827
8796
4068
8953
7832
2468
4394
642
8752
7016
1559
526
3687
5799
4475
5274
1052
7716
7033
5608
3071
5290
821
797
8028
8670
4550
6954
86
8002
4008
3672
5708
298
1756
6602
235
7790
6250
7752
8865
3317
8638
8801
1284
608
4851
6129
2227
3437
2343
5863
5539
8634
8747
8363
8624
6814
343
6667
7803
528
6655
1761
2658
2289
483
2733
6597
3351
1790
4264
17
4487
1406
3088
474
8915
4045
6356
782
256
1881
6514
5443
2261
5492
2112
2537
2484
1210
7481
1393
6727
1322
3691
2923
5426
1957
4411
5756
4954
579
3242
4281
7469
5649
5530
7893
6751
8631
5004
3201
8582
3049
3073
4974
4877
669
5191
5025
742
2605
8233
1819
6734
5033
5936
7581
1157
3671
2756
1159
4870
8318
6463
7745
2081
1971
6996
888
8428
2033
5110
4500
7930
3196
4114
5381
3349
7767
6632
2126
6118
7697
4859
1761
1638
6532
6222
6524
3607
1898
7042
6194
1723
6512
5093
1245
7982
6606
1090
8667
5952
2945
121
2221
2964
3478
655
7772
8666
8693
5336
4107
4776
4587
8166
2410
3531
324
5194
2857
6054
2197
5117
2864
3565
8298
6762
2982
8532
992
2249
5207
5098
1369
4371
3736
6421
5956
1427
4830
8655
8034
285
3511
1792
4786
4083
6938
5326
6066
7045
7239
6929
1829
6382
4386
1370
1415
8880
6400
5522
4647
2218
1453
1544
7804
7040
5610
6456
8702
6724
4476
2994
2308
3546
3408
1816
2082
350
3074
1661
5298
913
7021
165
8097
5479
8973
8558
1530
771
6146
6106
3023
6837
1011
7140
4104
8983
4082
7202
7016
3288
5643
3144
6118
2973
3503
6269
4853
6493
2511
1662
4595
4470
5531
2759
8770
1866
7573
1248
1914
3597
3490
8452
1700
240
1940
3562
529
7959
1149
4
8669
7965
5545
4786
2398
6480
5245
5296
2324
3397
8394
1201
8963
3133
3005
2473
3063
8675
8219
1416
5998
4834
1081
7870
7144
147
3859
4562
6861
1033
3142
2839
7475
1120
3576
5727
7272
1279
1717
3108
3442
4982
4528
5606
5886
3484
8988
5131
1877
8466
4613
1539
3351
2192
3711
8279
4710
8429
8195
5847
4933
2355
63
3191
2226
8662
8696
1864
8357
1424
2798
8864
3307
3384
2755
1917
4637
2921
3378
5836
4115
1799
1575
4734
3827
6023
5678
4310
8997
341
4646
4884
1599
1762
4471
6457
536
5537
1067
5509
3393
6679
7248
8927
5043
4006
152
4710
3100
2152
8016
6371
870
8809
271
5949
3278
3569
1168
4709
7762
6261
8346
2467
8505
8870
835
4188
4416
5530
5750
745
2150
3604
5254
7007
8906
4276
3991
5831
7041
1046
223
198
3226
1128
3245
688
735
2497
665
2994
8395
2646
2134
3763
4622
1082
3974
7859
5238
7087
5806
6365
6101
3143
764
4489
5296
310
6204
5160
4638
2937
3140
7459
6744
5548
4696
5154
1655
96
5427
3595
30
3381
7915
5001
7371
1553
8889
2041
7818
3898
5126
3273
5017
5446
7226
6265
5319
2123
7679
5208
5120
5216
6568
6035
5895
4753
8268
1876
6796
6406
4748
3146
6192
5756
701
597
5618
6411
3742
4927
7137
5621
3463
4726
5860
5254
3019
7006
5541
1771
2940
3131
8321
199
662
5566
4356
863
2705
1464
7459
4727
4577
8600
5091
5547
6054
3244
8326
5459
1251
8486
3042
5873
5802
6373
3151
2312
7536
7429
1724
7402
7505
311
2395
2530
23
4364
8669
7250
3836
8260
4374
8829
2980
7340
3648
8964
7260
6161
7324
2265
8631
6229
6655
7942
6290
5651
8339
5073
1543
7781
8452
8083
4197
7502
3970
60
3550
3400
125
6302
2789
5637
2675
5626
8447
4440
4479
4870
2481
2457
5099
2124
1871
5754
6081
4069
2386
7702
4879
3253
8464
6079
2198
719
4212
1731
540
1041
5301
5394
6929
8555
4964
8114
2707
440
4252
539
6823
8004
8308
2283
6798
5566
4997
4029
5841
7502
3396
7306
1329
564
8012
4627
8552
1666
707
6466
4505
2019
1060
5289
5727
5035
8268
8365
1508
3577
8456
5455
1516
4781
7250
1978
5286
3094
5735
1360
7714
6574
4890
4232
1512
5775
8838
6585
8160
677
4260
8932
6441
2150
5402
993
4726
8028
3019
3104
5864
5129
4384
2262
457
2327
608
2429
4591
60
917
4223
7618
6222
3151
8303
2483
5309
1793
6966
4266
7521
2174
6240
5522
6937
3818
5029
4262
5079
7866
3784
3021
4326
3351
8900
2222
1267
1170
2163
5306
723
7511
2733
5994
6121
2759
3269
4694
320
2315
853
2464
553
1878
6301
3683
365
5033
7657
7415
5315
5184
1675
4087
5621
4709
7955
8643
2398
8134
7335
2869
6819
1276
8698
7446
7386
611
3424
6132
3750
2467
5060
2054
8456
4042
1115
6957
2974
539
7367
1578
4368
6810
4709
8705
5186
2362
5134
2275
6781
6074
5715
7846
3909
1688
6251
262
6298
6150
2627
8944
2706
3260
2945
748
4489
3234
6627
2035
1406
7658
520
2172
4700
496
960
8527
7812
2808
7610
4748
911
8891
8368
8423
5453
6795
2032
3775
3075
6698
5275
6747
5792
772
8949
501
336
464
8383
1093
5509
1732
3015
7647
3556
6189
5061
5166
6260
3291
8059
4021
4874
5471
2887
2164
6041
1030
4944
2606
8417
5634
1090
5472
2366
3045
2032
3836
129
6432
224
6828
4790
3524
8682
5648
4300
7406
2163
7095
6997
5261
1059
774
106
2989
1739
898
8057
5277
685
3934
5664
1249
4179
219
8935
7085
8453
211
3878
844
2496
7691
4285
7684
1675
5029
4463
5878
6947
704
5720
1999
3886
3913
7898
2178
3035
3960
2028
7838
2548
7647
1658
8783
1766
530
6884
6024
6997
1284
4901
8809
8961
4228
94
6885
6561
719
6764
6005
1920
4406
4859
1638
3935
5140
8147
3342
4220
1916
6471
724
6080
3210
1961
351
4733
3442
167
8535
7989
227
8521
6746
7382
8822
8693
1388
8884
3638
4407
6393
60
2442
8825
8423
8645
8496
2369
8551
1016
7856
7550
8602
5971
184
3963
4015
6495
1003
84
5779
1582
3856
7232
276
2683
869
5083
5945
2918
2882
2814
3302
1402
3002
4338
73
3500
2726
191
6280
3724
7268
5791
7344
2855
418
4774
8217
112
6687
810
2440
8584
7383
1815
2549
7728
4245
5738
5233
5544
6089
4017
613
7132
3202
6048
5117
8730
1511
8650
5305
6251
6044
8442
7933
7887
5466
439
1827
3301
6328
2914
8873
4589
3748
6351
612
2021
6220
2807
1545
674
3728
6352
2163
6787
8790
4507
6617
5236
769
964
4506
2026
253
1796
2113
4950
6040
4105
2294
3448
2010
2302
177
6771
2540
5487
6561
952
7917
8091
896
7511
1785
4096
5495
1301
6303
2084
6229
4782
7428
3136
2346
3614
8627
1262
1076
5464
3084
2190
3501
8868
1774
6727
2744
5966
6185
1682
748
3676
1130
5298
1356
6311
8333
5477
1894
8841
4241
6063
2597
3964
7794
2151
8373
1850
5154
1042
2127
6361
4977
6380
6614
4861
2683
5999
7383
5931
1526
8478
2740
4990
8344
97
6998
4534
116
5954
5885
8098
6350
8584
4171
8544
6910
791
1165
8848
5334
1959
5025
2276
8562
404
2583
2267
8203
3610
3452
1816
2995
8641
2441
1934
6537
482
7101
8154
7768
7088
679
6719
8740
3294
1200
197
8484
4636
4082
4379
5920
2165
3446
5942
3518
6888
1975
7620
6463
7068
3184
8678
523
7505
5662
6267
4083
2834
2263
4061
1982
2406
1951
6431
8121
2669
5562
5950
283
4077
6551
4801
3225
3072
7903
2566
8217
3001
4539
7391
2649
7901
1269
5127
4693
2228
5580
1948
7095
4081
7242
7516
2765
5783
4161
1287
3270
8762
2217
3035
7403
4125
8854
2561
7127
2598
2136
4642
4493
1814
4123
7500
280
8997
7707
6994
7447
7051
7490
3680
4188
2297
1072
8549
3284
1400
7108
1729
3928
2906
7814
4493
5838
1304
7321
1965
654
2920
3889
1974
4775
5643
2573
6679
7842
4496
7467
2036
188
2071
5356
3567
2454
6905
2759
5031
5675
112
345
6812
363
259
7781
7066
5073
6820
3104
6637
1117
2880
7427
3819
7394
7538
7427
7284
8825
2621
3613
5465
5348
8337
6642
1013
4214
8770
7404
4171
3732
1165
3131
8501
7313
4914
7254
8510
6757
3461
3784
2861
5570
8296
1202
5741
4262
3225
7369
3262
5544
6854
7620
3783
6866
3327
2010
4844
3427
1091
3366
8088
113
5413
6455
2115
5827
1803
7911
3792
3484
954
8247
3352
398
1555
4853
4126
6615
8683
5717
2835
6238
3952
1404
1084
8299
5364
2251
3249
553
8358
2207
7074
2626
8027
7428
2856
641
6562
7843
3076
4901
8205
5331
1076
6937
5805
7300
4299
6831
3615
1940
7839
7388
7245
4616
8823
2344
1492
6052
930
7450
8702
2557
7690
8811
5703
1698
1137
5559
6972
1071
3673
2973
5921
5661
4063
7122
3513
6347
8290
2969
2152
1026
6529
7387
5248
4430
2949
4544
6211
3086
612
1399
4099
6007
2822
7218
3398
3399
4745
8381
5163
7898
2064
4354
6530
6386
320
6660
3819
8428
4066
5657
7967
1342
5388
762
1355
5117
1894
101
3559
1913
4475
8030
2399
864
801
1812
6457
2243
3091
2050
6953
1758
7819
2036
3957
8560
8832
2107
4962
5020
4403
790
2568
1780
2491
7606
2629
5957
637
2338
971
2371
4241
4878
3660
3129
270
798
1175
7906
7122
1979
6133
2058
3215
5940
3336
2547
3902
7455
4795
1354
7802
4761
1333
5398
4996
5762
6947
4038
7897
7604
8697
5618
5712
3803
3551
6708
7809
4916
8034
7699
1337
1789
3968
6024
4072
439
1326
3357
2590
2285
4581
5022
7839
329
8519
1808
2649
8144
2839
4775
3935
8378
3569
8499
8521
5799
6836
7067
224
8168
2613
1621
860
6578
15
1630
465
6874
2320
8824
645
817
5610
8711
1418
2061
2562
1725
4903
4396
4639
2221
5227
6843
2993
7075
5700
635
6018
8438
2359
8154
3128
2144
2403
3945
2195
3396
1572
8604
3592
7756
2895
7999
1702
2305
311
5959
3729
6584
1165
6105
3471
8585
4892
4318
8393
4265
5081
3589
6133
1900
4272
4470
3468
5023
3005
1293
1599
2163
620
2229
80
838
7290
5902
4869
7978
4270
4316
8811
7024
2740
7237
508
4659
6733
4920
7265
4363
5901
8495
5352
3560
1621
1520
5125
2707
3743
199
8487
6932
4139
2405
5529
302
1327
7231
4142
1683
4025
4173
5512
2339
1135
7154
8317
5570
6408
6445
1776
1194
1561
559
5452
8853
1677
4821
6827
1166
8239
8452
3891
7941
6838
782
7032
5497
8770
8834
8370
5081
6968
6731
4379
2074
5415
752
1602
5520
3622
6572
450
8037
3316
8489
7346
6595
1131
1516
6985
7666
3010
4366
3354
8784
3166
123
4568
4195
5460
5940
6073
1698
2492
2854
4403
5264
6267
6066
1216
8276
6412
3842
4722
3941
6951
790
624
4218
1354
2568
3057
2611
2399
1839
101
7857
8355
671
7741
6053
8090
5493
8383
3967
4694
6334
642
39
8638
6324
8082
2277
8785
8991
4833
5387
305
840
7376
4765
266
938
6581
5873
2550
1901
8392
1655
1275
3326
3887
5595
8578
308
4244
5410
3760
7596
3125
973
4498
8648
1849
710
7713
5763
2871
8302
1978
1098
6706
8866
7470
3583
5878
7305
5195
5811
356
1139
3110
2096
3099
6468
1361
5692
351
6292
8226
2780
5543
1985
7128
5618
1573
2742
724
4502
2377
4265
8895
2897
5665
234
841
5134
6186
2712
3957
4477
3446
4264
5511
411
2379
4279
6025
3210
2638
1225
8446
4184
1834
2239
1369
2777
4817
4044
7441
4207
8955
5919
2718
2846
4882
6634
8458
4542
2391
5447
6219
2352
3777
4068
3389
1352
4802
8678
2323
6017
2156
3465
1089
697
6825
8182
3083
1029
1848
7254
8425
7757
1694
3667
6383
2233
6768
3959
846
7429
251
493
4013
4352
4270
2436
6253
1433
1011
7579
7769
4834
293
2196
5693
7620
4516
4818
3839
6494
90
1568
7457
7694
8485
3024
3501
1305
4231
765
4960
6328
2939
3784
3509
3427
2516
6929
5722
3601
3465
3779
2091
7738
5606
6343
5162
4008
7378
4281
3909
7302
8775
7268
2408
6945
8937
434
6004
6980
4711
8507
7193
479
1316
8857
5024
4955
8111
1269
2200
7044
2938
2783
3264
6025
430
5116
6448
8392
333
6451
191
6298
3933
2985
5750
5974
7070
1723
7178
2552
4493
2547
3555
5838
2124
3265
8335
5259
5079
7984
2942
8971
5145
4551
8989
984
2745
5244
8915
3153
5529
231
8746
2704
1344
367
3909
8714
8754
428
1072
7970
3148
8311
3671
5030
8198
1418
6960
5840
6995
3380
3461
1147
8089
8823
8154
4875
5233
3079
939
6781
1556
2316
676
2339
2094
18
7447
5983
8988
8911
1639
8964
7781
2477
2352
6237
4775
5283
6774
7097
1290
399
5041
393
7908
75
3227
3719
8705
3198
8457
7635
3718
125
1442
1177
8259
7032
2350
3331
127
7110
3470
5485
4021
3010
9000
3749
4394
4238
1220
2482
5107
1931
5873
3916
3099
171
7527
3307
8857
5557
7418
8178
2735
165
6421
6318
4062
2888
8083
2285
6586
5059
5493
6978
4190
589
4607
8886
5874
1653
6208
8979
5143
503
5902
2087
3383
3859
11
4187
5246
229
8945
7084
1475
7655
2168
8884
3985
3604
2560
3273
1715
8659
6854
2365
6930
1310
3477
4092
7989
8747
3242
628
7040
2096
4148
8321
6203
2170
1
4386
8438
7802
927
1738
3009
2025
3484
3502
8914
5681
8492
4454
5211
3720
7361
8467
462
4044
1167
4525
4202
2598
198
378
2630
2553
8671
1249
1476
3514
7681
8387
2836
6871
5655
4144
5382
7118
4438
5334
4609
2157
5138
7147
7757
339
195
4715
2946
3311
8070
4178
5736
6174
143
598
1485
5134
6094
7566
1091
19
4933
99
1151
4803
8191
3744
275
1989
5533
8414
4285
5748
3842
756
5625
2391
1818
4816
6172
4510
8985
5572
8273
2847
3047
8256
5833
6539
6349
1565
8214
3277
4203
8308
3973
1982
1931
3155
3109
3786
2558
6775
1337
3866
480
2743
2101
7525
6054
8976
5821
6259
7642
2132
6147
5546
7584
5713
7202
2422
1712
1959
3780
5499
7575
1767
4041
1369
8356
3027
2589
1989
4406
8433
1258
4047
2803
514
3659
6493
2368
6134
8101
4939
2207
6464
2548
2452
4318
3939
2915
3756
5538
2207
4866
6171
8969
5412
1316
2109
186
117
4662
3162
1466
991
8504
2735
5079
7525
4642
3171
815
2729
6302
5896
4445
5110
3801
7797
8728
3613
8566
8189
4587
6631
3303
2575
6317
3043
454
3490
6317
8003
964
1016
6927
4429
2095
7204
3037
382
8300
5551
8393
5224
3556
5962
4125
4630
8098
1445
1750
8306
5157
2048
7106
4454
4915
7537
3990
1699
2033
471
8421
4605
5563
3434
8120
220
5033
8910
2172
860
1198
6241
5793
7795
8999
3294
2172
3985
1291
5173
6846
1506
1984
6385
2719
3875
4131
8568
8226
8207
2264
4826
2681
8818
1605
7876
5591
5349
2253
7059
469
3731
5856
4595
3111
2010
3233
553
3177
620
4966
5770
5958
8356
7728
2515
640
871
2587
3427
3091
6384
3383
3488
5820
8664
7253
5371
4121
7580
5165
8056
7743
6199
6696
2021
4879
1680
6564
1626
8910
4720
3934
143
2380
8275
6264
624
3943
3429
6450
1171
3473
7717
8612
5765
4726
5869
4780
5238
2653
161
4115
4761
5473
3
3764
6485
5057
7323
7241
3638
5871
303
6139
8863
1070
8574
913
6230
8684
398
1866
8195
8896
4388
2787
1271
7272
4794
2503
1360
2042
3050
958
2893
1471
265
8600
7474
8810
3925
7333
3079
8085
7493
1810
5189
3229
7065
2220
4540
7872
5117
8072
481
8795
5606
4533
4928
8608
3924
1642
7712
621
924
4137
3991
6417
497
697
7072
6927
1636
2222
3516
6249
5715
6260
1724
2922
5186
4978
7988
8903
6233
2504
8382
4060
1599
6625
4746
2548
2708
3616
2664
6494
2362
27
680
6999
7685
6180
8749
3395
625
581
6766
5641
6132
933
4999
8163
8819
1447
6123
5731
4786
6775
7069
1525
1685
5194
493
3800
5624
4398
1719
3496
8057
6500
7000
8097
2259
8172
155
529
3190
6497
6155
2135
4856
1295
8550
4808
2058
4253
1316
2047
2216
1968
754
8323
6641
5031
7590
2827
7896
317
337
318
2385
190
3145
7434
7967
8995
6062
1854
1814
7216
48
810
2281
1497
3446
6164
8886
4717
3686
6112
3295
5502
6884
8060
464
7566
7731
2039
1983
6124
1678
7106
8199
1953
4908
8672
198
3679
8658
2482
1809
973
7929
256
4982
357
7802
582
1573
6905
3404
7300
5536
5529
5382
301
2489
2787
1357
1191
5266
3313
3905
1020
2326
6444
4867
2015
4179
