4204
6489
7453
2618
3541
1916
2735
8499
1123
1641
2194
6718
287
2276
1536
3521
893
8204
8400
6262
5435
5758
2100
945
4992
2697
6677
8955
6163
8174
3505
3619
8476
4833
2234
5629
395
995
2385
3883
3357
7371
2995
8073
3915
2891
5153
8646
6297
3827
7816
7878
1464
6211
4333
3720
7867
7962
7283
1364
6531
646
4350
5512
6006
8691
4945
8584
6387
7155
4821
3656
8416
2794
2891
10
2855
490
1439
8305
5803
4203
3003
944
4972
7328
6379
8204
1574
7357
3388
8134
2302
2031
8944
7455
8005
8173
8720
3549
2811
2148
6992
5220
6940
5550
2705
923
7304
5671
8783
4471
1672
6461
5388
8212
8804
3384
3030
7169
6063
2516
7964
5006
588
662
5939
3199
7936
563
5313
231
8793
3319
3121
4506
4447
3982
7661
7514
7514
8862
4889
5603
5046
2437
2325
7645
512
5588
2003
8378
5297
184
7414
435
7351
7423
5488
455
8575
8199
1977
97
2306
4616
2751
5694
8883
2963
7858
5414
2398
1811
6200
2351
8125
6996
6219
4547
7258
543
6518
8658
7156
3431
8557
4820
3768
2250
7500
5399
7880
1642
2353
4237
5902
2359
4992
5463
2850
797
2768
8927
6770
3241
4246
7342
3194
8684
1593
4406
873
3675
5080
7662
4893
7797
1849
1219
6448
212
3685
1497
8321
5975
7516
1174
8631
1299
4344
2635
8718
7251
6067
789
2226
7152
5086
2120
6890
5667
3348
4747
9
1573
481
4806
1278
8947
5108
5435
8584
2317
5114
8278
696
810
2432
2531
6161
327
5207
6657
797
2207
8823
3238
3044
8302
5317
4079
3828
2465
8384
8572
8251
3065
4002
1093
7855
7270
7984
3151
7933
7107
7325
1891
430
7594
8254
1671
6381
746
4036
625
8607
5222
6376
8387
490
6919
8308
5376
926
1449
8449
4464
5187
8964
3200
3440
4053
4395
6089
8012
7180
196
5114
5166
1661
423
5521
6881
2160
5324
533
8573
1195
8183
4247
4534
5861
7840
805
562
8490
1716
3741
1964
2771
8894
3514
281
8794
7477
3968
4503
1420
2041
95
6731
5059
5275
1751
4699
4082
6337
1454
1136
5215
498
2541
6584
8937
8488
929
2634
8934
107
2998
5407
315
1088
6044
3737
8230
8133
6349
2775
2166
4372
7928
1355
2580
3680
1596
7241
4817
331
42
1816
5352
4342
2232
729
258
1324
6776
4245
1078
4444
4949
7584
7748
8805
7663
1567
1856
7858
8219
2303
5339
7604
918
5729
8150
8222
6949
894
7372
719
6393
4797
2634
2606
5018
1047
1555
2499
1396
3305
4362
6342
5812
4977
8024
5351
925
1609
1532
1820
4788
3819
8731
5771
2128
6001
4289
3157
5311
3238
2734
1177
6778
2247
2773
604
2653
8374
5961
1468
7272
2568
6747
5833
2560
8402
15
7987
1499
1303
2918
8295
3509
1965
4478
6216
6056
8094
605
455
8227
6448
2281
649
8235
8895
2048
215
3679
439
8556
6651
8098
4224
3839
2435
5542
8728
4590
4257
3826
4191
7089
4842
2152
8200
7322
4991
5036
5834
113
7610
4080
1831
1041
7168
2985
2941
2612
3302
2808
1157
5152
1313
4229
4807
7939
4653
7351
2870
7924
3804
8998
7177
8406
3806
5633
2722
2049
7149
1384
1710
3168
2556
525
3576
5327
2893
3946
8603
4871
5341
2663
5928
8850
226
6285
7428
2126
5178
1515
202
2421
1872
4872
4031
7747
5721
5165
4479
666
1903
950
6207
2164
5305
1387
140
2989
6483
6367
791
4293
3378
1718
3709
2534
4020
1897
8882
7679
4316
4338
3648
2143
4112
6399
5002
3400
2007
5095
2288
6117
8993
2570
6574
4784
6200
2382
1701
1820
1955
1962
3482
4800
5115
1300
3123
8300
1057
5039
7214
693
460
4907
6638
2104
2796
7584
2260
7972
154
2118
7111
1546
7656
6428
3434
4525
1726
1405
3824
3828
6743
279
8946
6101
8177
1082
1358
3161
6907
7389
2730
1804
3225
355
6375
3982
4741
8100
4187
4965
2604
1322
5598
3872
8330
3814
3023
8456
7888
8801
4356
7991
2135
1800
6311
6490
419
6546
4452
6305
3638
6782
8829
5578
4286
1931
1592
5274
5602
1813
8149
4740
6743
8245
1990
1314
4295
3056
312
283
6738
216
7742
3633
6254
973
5728
2892
244
2903
5168
931
6496
1467
6855
4366
6375
7897
5572
7397
2164
2510
5340
5452
560
395
6308
1094
318
2773
4387
7472
3646
1477
582
5366
7387
4903
341
5084
2916
4245
5525
7546
1066
670
384
8326
7222
3359
4616
8462
5131
1166
3212
2168
8704
4012
5790
1429
4111
7579
2965
5810
5041
738
5842
6977
3067
7661
3970
3439
4251
2014
1241
3648
5617
8396
4516
71
8216
1709
8893
5273
2806
5672
6817
7794
7136
162
4796
4420
3890
1771
1169
3907
175
7137
5905
865
1780
1596
2530
3656
4777
613
8644
3624
6280
4767
8299
7897
3946
355
3781
6425
5072
3755
8485
5530
4449
5756
2212
2274
8384
3716
3246
7423
5848
7408
2740
571
368
5787
8464
7525
1632
7890
1603
8214
7571
5250
7708
2653
5386
6446
6511
8412
867
1400
8125
2595
8598
3365
431
3355
5001
1132
3134
7211
8831
4051
8706
7945
3570
2049
3084
1482
2826
7808
6983
4447
2202
8810
4372
1433
6235
3375
5853
8070
3221
3650
5060
6955
8647
4739
8883
4794
6977
7289
952
3661
7282
4949
2985
5901
8912
1100
2313
6439
8567
8213
6284
8489
2803
137
1537
4780
1338
7224
1368
3374
1558
8910
1725
5775
4242
6917
1538
483
2723
7900
7997
7610
7984
4302
3862
3226
633
3452
311
1940
5708
3144
5727
7899
3471
1787
5939
8527
8969
6063
2170
461
3728
6044
669
389
4894
5826
3454
8498
8894
4547
1888
1689
3275
7597
5787
3403
4594
498
2468
7741
4596
2355
3523
8443
7043
8226
1147
331
434
4340
5332
8201
7877
1736
1854
1086
4813
5712
60
3677
4616
2651
4946
3691
8267
4685
3795
7518
7770
3174
6138
